# Fe Ni Cr 
1	3	0	120	-24.98557921	3.6	3.6	3.6	1.5707963267948966	1.5707963267948966	1.5707963267948966
-0.0	0.0	3.6
-0.0	3.6	-0.0
-3.6	0.0	-0.0
	0	0	1.0	0.5000000000000000	0.5000000000000000	-0.0000000000000000
	1	1	1.0	0.5000000000000000	0.0000000000000000	0.5000000000000000
	2	1	1.0	0.0000000000000000	0.5000000000000000	0.5000000000000000
	3	1	1.0	0.0000000000000000	-0.0000000000000000	-0.0000000000000000
# Fe Ni Cr 
3	0	1	61	-33.80049507	4.40908153701	4.40908153701	2.54558	1.5707963267948966	1.5707963267948966	1.9356569593588668
3.6	1.8	1.8
-3.6	1.8	1.8
-0.0	-1.8	1.8
	0	0	1.0	0.5000000000000000	0.5000000000000000	-0.0000000000000000
	1	0	1.0	0.0000000000000000	0.0000000000000000	0.0000000000000000
	2	0	-1.0	-0.0000000000000000	0.5000000000000000	0.5000000000000000
	3	2	-1.0	0.5000000000000000	0.0000000000000000	0.5000000000000000
# Fe Ni Cr 
2	2	2	1056	-46.19923472	2.54558	2.54558	10.8	1.5707963267948966	1.5707963267948966	1.5707963267948966
-1.8	1.8	0.0
-1.8	-1.8	0.0
-0.0	0.0	10.8
	0	0	1.0	0.5000000000000000	0.5000000000000000	0.833
	1	0	0	0.0000000000000000	0.0000000000000000	0.333
	2	1	1.0	-0.0000000000000000	-0.0000000000000000	0.000
	3	1	1.0	0.0000000000000000	0.0000000000000000	0.667
	4	2	0	0.5000000000000000	0.5000000000000000	0.167
	5	2	0	0.5000000000000000	0.5000000000000000	0.500
